11000100
11000100
11000100
11000100
11000100
11000100
11000100
11000100
11000100
11000100
11000100
11000100
11000100
11000100
11000100
11000100
11000100
11000100
11000100
11000100
11000100
11000100
11000100
11000100
11000100
11000100
11000100
11000100
11000100
11000100
11000100
11000100
11000100
11000100
11000100
11000100
11000100
11000100
11000100
11000100
11000100
11000100
11000100
11000100
11000100
11000100
11000100
11000100
11000100
11000100
11000100
11000100
11000100
11000100
11000100
11000100
11000100
11000100
11000100
11000100
11000100
11000100
11000100
11000100
11000100
11000100
11000100
11000100
11000100
11000100
11000100
11000100
11000100
11000100
11000100
11000100
11000100
11000100
11000100
11000100
11000100
11000100
11000100
11000100
11000100
11000100
11000100
11000100
11000100
11000100
11000100
10010001
01000011
01000011
01000011
01000011
01000011
01000011
01000011
01000011
01000011
01000011
01000011
10100100
11000010
11000100
11000100
11000100
11000100
11000100
11000100
11000100
11000100
11000100
11000100
11000100
11000100
11000100
10010111
00000001
00000000
00000000
00000000
00000000
00000000
00000000
00000000
00000000
00000000
00000000
00000000
00000000
01101100
11000100
11000100
11000100
11000100
11000100
11000100
11000100
11000100
11000100
11000100
11000100
11000100
11000100
10100111
00010111
00010110
00010110
00010110
00010110
00010110
00010110
00010110
00010110
00010010
00000000
00000000
00000000
01101100
11000100
11000100
11000100
11000100
11000100
11000100
11000100
11000100
11000100
11000100
11000100
11000100
11000100
11000100
11000100
11000100
11000100
11000100
11000100
11000100
11000100
11000100
11000100
10011010
00000000
00000000
00001111
10010110
11000100
11000100
11000100
11000100
11000100
11000100
11000100
11000100
11000100
11000100
11000100
11000100
11000100
11000100
11000100
11000100
11000100
11000100
11000100
11000100
11000100
11000100
11000100
10000001
00000000
00000000
10000101
11000100
11000100
11000100
11000100
11000100
11000100
11000100
11000100
11000100
11000100
11000100
11000100
11000100
11000100
11000100
11000100
11000100
11000100
11000100
11000100
11000100
11000100
11000100
11000100
00100010
00000000
00000000
10011000
11000100
11000100
11000100
11000100
11000100
11000100
11000100
11000100
11000100
11000100
11000100
11000100
11000100
11000100
11000100
11000100
11000100
11000100
11000100
11000100
11000100
11000100
11000100
01110011
00000010
00000000
01000111
11000001
11000100
11000100
11000100
11000100
11000100
11000100
11000100
11000100
11000100
11000100
11000100
11000100
11000100
11000100
11000100
11000100
11000100
11000100
11000100
11000100
11000100
11000100
10111110
00100110
00000000
00000000
10011011
11000100
11000100
11000100
11000100
11000100
11000100
11000100
11000100
11000100
11000100
11000100
11000100
11000100
11000100
11000100
11000100
11000100
11000100
11000100
11000100
11000100
11000100
11000100
10001100
00000000
00000000
00101110
11000100
11000100
11000100
11000100
11000100
11000100
11000100
11000100
11000100
11000100
11000100
11000100
11000100
11000100
11000100
11000100
11000100
11000100
11000100
11000100
11000100
11000100
11000100
10111110
00111100
00000000
00000101
10000000
11000100
11000100
11000100
11000100
11000100
11000100
11000100
11000100
11000100
11000100
11000100
11000100
11000100
11000100
11000100
11000100
11000100
11000100
11000100
11000100
11000100
11000100
11000100
10001111
00000000
00000000
00101010
11000100
11000100
11000100
11000100
11000100
11000100
11000100
11000100
11000100
11000100
11000100
11000100
11000100
11000100
11000100
11000100
11000100
11000100
11000100
11000100
11000100
11000100
11000100
11000100
00101011
00000000
00000000
10001110
11000100
11000100
11000100
11000100
11000100
11000100
11000100
11000100
11000100
11000100
11000100
11000100
11000100
11000100
11000100
11000100
11000100
11000100
11000100
11000100
11000100
11000100
11000100
11000100
00011000
00000000
00110001
10110101
11000100
11000100
11000100
11000100
11000100
11000100
11000100
11000100
11000100
11000100
11000100
11000100
11000100
11000100
11000100
11000100
11000100
11000100
11000100
11000100
11000100
11000100
11000100
01101010
00000001
00000000
01010110
11000100
11000100
11000100
11000100
11000100
11000100
11000100
11000100
11000100
11000100
11000100
11000100
11000100
11000100
11000100
11000100
11000100
11000100
11000100
11000100
11000100
11000100
11000100
10110111
00100010
00000000
00000110
10011110
11000100
11000100
11000100
11000100
11000100
11000100
11000100
11000100
11000100
11000100
11000100
11000100
11000100
11000100
11000100
11000100
11000100
11000100
11000100
11000100
11000100
11000100
11000100
10000011
00000000
00000000
00110111
11000100
11000100
11000100
11000100
11000100
11000100
11000100
11000100
11000100
11000100
11000100
11000100
11000100
11000100
11000100
11000100
11000100
11000100
11000100
11000100
11000100
11000100
11000100
10111101
00110011
00000000
00000110
10001000
11000100
11000100
11000100
11000100
11000100
11000100
11000100
11000100
11000100
11000100
11000100
11000100
11000100
11000100
11000100
11000100
11000100
11000100
11000100
11000100
11000100
11000100
11000100
01001100
00000000
00000000
00110100
11000100
11000100
11000100
11000100
11000100
11000100
11000100
11000100
11000100
11000100
11000100
11000100
11000100
11000100
11000100
11000100
11000100
11000100
11000100
11000100
11000100
11000100
11000100
11000100
00001101
00000000
00010011
10011110
11000100
11000100
11000100
11000100
11000100
11000100
11000100
11000100
11000100
11000100
11000100
11000100
11000100
11000100
11000100
11000100
11000100
11000100
11000100
11000100
11000100
11000100
11000100
11000100
01010010
00000000
01011111
11000100
11000100
11000100
11000100
11000100
11000100
11000100
11000100
11000100
11000100
11000100
11000100
11000100
11000100
11000100
11000100
11000100
11000100
11000100
11000100
11000100
11000100
11000100
11000100
11000100
11000000
10111000
10111110
11000100
11000100
11000100
11000100
11000100
11000100
11000100
11000100
11000100
11000100
11000100
11000100
11000100
11000100
11000100
11000100
11000100
11000100
11000100
11000100
11000100
11000100
11000100
11000100
11000100
11000100
11000100
11000100
11000100
11000100
11000100
11000100
11000100
11000100
11000100
11000100
11000100
11000100
11000100
11000100
11000100
11000100
11000100
11000100
11000100
11000100
11000100
11000100
11000100
11000100
11000100
11000100
11000100
11000100
11000100
11000100
11000100
11000100
11000100
11000100
11000100
11000100
11000100
11000100
11000100
11000100
11000100
11000100
11000100
11000100
11000100
11000100
11000100
11000100
11000100
11000100
11000100
11000100
11000100
11000100
11000100
11000100
11000100
11000100
11000100
11000100
11000100
11000100
11000100
11000100
11000100
11000100
11000100
11000100
11000100
11000100
11000100
11000100
11000100
11000100
11000100
11000100
11000100
11000100
11000100
11000100
11000100
11000100
11000100
11000100
11000100
11000100
11000100
11000100
11000100
11000100
11000100
11000100
11000100
11000100
11000100
11000100
11000100
11000100
11000100
11000100
11000100
